 3T2(LLB):13/09/1999    09:56:05lambda : 1.2251                                                                                     
     100       0   0.050      20       0       0
   0.000
  52000.      0.  300.00    0.00
 1     1 1     3 1     1 1     0 1     6 1     3 1     6 1     4 1     5 1     2
 1     0 1     0 1     4 1     4 1    10 1    10 1     7 1     4 1     3 1     3
 1     1 1     1 1    35 1    54 1   104 1   109 1   131 1    92 1    78 1    61
 1    74 1    72 1    68 1    66 1    70 1    73 1    61 1    67 1    62 1    49
 1    54 1    56 1    52 1    61 1    58 1    56 1    48 1    68 1    53 1    61
 1    68 1    65 1    51 1    59 1    68 1    60 1    57 1    54 1    72 1    72
 2    68 2    75 2    77 2    74 2    83 2    76 2    80 2    85 2    99 2    94
 2    94 2    94 2    91 2    90 2   111 2   105 2    97 2   108 2   106 2   115
 2    94 2   110 2   122 2   117 2   123 2   123 2   124 2   123 2   125 2   130
 2   119 2   122 2   137 2   128 2   120 2   137 2   137 2   142 2   138 2   129
 2   125 2   134 2   136 2   129 2   131 2   127 2   140 2   130 2   121 2   124
 2   123 2   132 2   111 2   127 2   124 2   128 2   121 2   119 2   121 2   125
 3   117 3   119 3   128 3   112 3   123 3   128 3   121 3   121 3   119 3   116
 3   120 3   117 3   128 3   121 3   115 3   130 3   122 3   111 3   118 3   127
 3   108 3   123 3   116 3   119 3   116 3   131 3   112 3   113 3   111 3   110
 3   119 3   109 3   115 3   102 3   116 3   119 3   103 3   121 3   108 3   112
 3   113 3   109 3   123 3   116 3   118 3   111 3   106 3   106 3   116 3   109
 3   127 3   112 3   110 3   106 3   116 3   121 3   112 3   119 3   112 3   110
 4   105 4   130 4   115 4   114 4   114 4   122 4   120 4   127 4   137 4   137
 4   148 4   153 4   148 4   145 4   146 4   148 4   145 4   139 4   123 4   123
 4   116 4   117 4   100 4   102 4   112 4   104 4   112 4   117 4   108 4   101
 4    99 4   108 4   109 4   103 4   104 4   116 4   105 4   108 4   112 4   108
 4   104 4   104 4   104 4   112 4   109 4   112 4   104 4   105 4   105 4   105
 4   103 4    98 4   105 4   104 4   101 4   106 4    98 4   103 4   104 4   101
 5   100 5   115 5   103 5    97 5   104 5   112 5   106 5   106 5   103 5   104
 5   107 5   103 5    96 5   101 5    97 5   104 5   106 5   109 5   106 5   109
 5   112 5   115 5   121 5   128 5   132 5   134 5   156 5   156 5   178 5   210
 5   232 5   265 5   295 5   311 5   326 5   321 5   293 5   271 5   228 5   189
 5   168 5   139 5   116 5   107 5   109 5   101 5    99 5   103 5   106 5   111
 5   101 5   101 5   105 5    99 5   107 5    94 5    97 5   105 5   103 5    95
 5    99 6   102 6    97 6    99 6   105 6   101 6    99 6    99 6   102 6   109
 6    99 6    98 6    99 6   101 6   106 6   109 6   101 6    98 6   108 6   100
 6    94 6   101 6   109 6   116 6   116 6   121 6   117 6   130 6   146 6   162
 6   195 6   216 6   262 6   313 6   348 6   391 6   418 6   421 6   400 6   349
 6   292 6   239 6   189 6   157 6   127 6   122 6   108 6   108 6   101 6   109
 6    97 6   100 6   102 6    97 6    95 6   101 6    96 6   104 6   101 6   100
 6   105 7   103 7   105 7   101 7   101 7   110 7    99 7    98 7   100 7    97
 7    99 7    97 7    99 7   104 7   106 7   102 7   104 7   110 7   122 7   128
 7   151 7   181 7   207 7   274 7   336 7   411 7   509 7   606 7   661 7   701
 7   660 7   603 7   520 7   400 7   313 7   216 7   165 7   134 7   113 7   106
 7   108 7    97 7    96 7   101 7    98 7    95 7    98 7    98 7   105 7    95
 7   101 7   108 7   102 7   104 7    98 7    98 7    93 7   100 7   107 7   101
 7    98 8   102 8   103 8   102 8   100 8   101 8   105 8   110 8   113 8   122
 8   132 8   146 8   166 8   174 8   190 8   201 8   209 8   199 8   181 8   168
 8   146 8   131 8   117 8   110 8   111 8   108 8   103 8   101 8   112 8   103
 8   103 8   105 8   107 8   101 8   100 8   101 8   102 8   102 8   107 8   100
 8    91 8    93 8    94 8   101 8    95 8   101 8   105 8   103 8   103 8   111
 8   119 8   131 8   145 8   159 8   196 8   216 8   241 8   273 8   272 8   263
 8   250 8   220 9   184 9   151 9   127 9   118 9   108 9   109 9   105 9    98
 9    99 9   106 9    97 9   102 9   102 9   101 9   102 9   101 9    99 9   101
 9   100 9    99 9   102 9   109 9   104 9   105 9   109 9   109 9   115 9   127
 9   138 9   164 9   200 9   241 9   288 9   332 9   382 9   389 9   376 9   322
 9   276 9   227 9   179 9   146 9   125 9   116 9   114 9   102 9   107 9   101
 9   104 9    96 9   104 9   102 9    96 9   100 9   101 9   103 9   103 9   103
 9   109 9   10110   10110   10410   11410   11710   13210   14710   17110   204
10   25110   28210   31910   33310   33510   30010   26310   22010   17910   147
10   12810   11410   11110   11010   10610   10910   11210   11010   10310   112
10   10910   10610   11010   11110   10810   11010   10910   11510   11910   138
10   14810   17310   23210   29110   38310   49010   58110   64210   64610   615
10   51610   39810   30610   21910   15710   12610   12310   11710   11310   112
10   11310   10611   10911   11511   10811   11011   11211   11211   11411   123
11   12011   13211   14511   18011   22811   30411   41111   56211   72111   853
11   92011   87711   77711   62711   46211   32011   23111   16811   13411   123
11   12011   11711   12011   11311   11211   11811   11411   11411   11411   119
11   12511   12811   14911   18511   24311   35911   53411   80211  115811  1554
11  190511  209111  204111  177611  140111  100611   64711   39811   25611   176
11   14411   12712   13412   13512   12612   13412   13912   13512   12412   120
12   12112   12012   11712   11612   11712   12112   12812   12812   13912   148
12   15412   16312   15312   15012   14612   13612   12812   12512   12112   118
12   11612   11712   12112   12212   12012   11412   12112   11912   12012   125
12   14112   15312   18012   23412   36212   53812   82412  116112  154412  1819
12  190912  175812  147512  107212   70512   44912   27412   18312   14612   138
12   13212   12513   12313   12413   11813   12013   11813   11713   11513   117
13   11713   12013   12813   12313   12513   13213   15413   16013   18013   182
13   18013   17613   16713   14813   13813   12913   12313   11713   12013   122
13   12313   11913   12013   12213   12613   13113   15013   17813   24213   359
13   56013   82513  117413  149713  169613  171913  152913  120313   83313   535
13   32113   21813   15813   13613   13513   12813   13213   12813   12413   128
13   12813   13014   13814   16514   20314   28314   41014   62314   86314  1122
14  130914  133514  119814   95614   65814   43914   28514   19914   14414   134
14   12814   12814   12514   12614   12914   12014   12214   11914   12514   128
14   13514   14714   17214   21114   24914   27114   29414   27614   24414   210
14   17014   14614   13314   12414   12114   11914   12214   12514   12214   121
14   12314   12014   12314   12414   14014   15414   19514   24214   32314   399
14   47314   49715   44615   37815   28815   22215   16015   14015   12715   126
15   13015   12815   12815   12415   12415   12615   13515   15015   17215   230
15   35115   53415   82415  111815  137515  147515  136315  111715   81115   511
15   31315   21015   16615   14415   13715   13915   13415   12615   12315   124
15   11715   12215   12415   12315   13315   14815   15815   17815   18615   195
15   17915   16615   15715   12915   11815   11915   11815   11915   11315   115
15   12215   12016   12116   11916   12116   12716   14516   17216   22716   289
16   36316   41716   44316   42116   34316   26516   19816   16316   13116   129
16   12216   12216   12316   12016   12516   12116   12116   12416   13816   152
16   19516   26316   34516   43416   49916   49816   43916   35016   27016   194
16   15116   12616   12116   12216   12116   11516   12316   12316   12216   132
16   13916   15316   19516   27216   37916   48616   58016   60116   54616   436
16   32016   23017   17117   13917   12617   12217   12617   11917   12217   127
17   12217   12017   12617   13817   15217   18217   22817   27917   31517   321
17   29917   24417   19917   15917   13617   12417   12317   11417   12317   120
17   11717   11917   12217   12617   14017   17817   23617   32817   45817   586
17   64717   63417   53717   40217   28517   18817   15117   13217   12617   124
17   12817   12617   12617   12717   13317   14017   15317   21017   29017   396
17   51417   57618   57918   51418   38618   27318   19718   15118   13618   127
18   12618   13018   12718   12418   12818   13718   15318   18918   27818   434
18   64718   86418   99018   99218   83518   61618   39018   24818   16718   145
18   13318   13118   12818   12718   12418   12918   13718   13818   16418   206
18   28218   37018   45818   49218   47518   38518   28718   22318   17518   146
18   13118   12918   12418   12518   12518   12318   12518   12818   12618   131
18   14018   14619   15619   16619   16319   15419   14419   13919   12619   127
19   12919   12619   12519   12219   11919   12619   12219   12819   12219   125
19   12619   12719   12519   12819   12619   12419   12919   12819   12419   124
19   13019   13019   12919   13019   13219   13519   14619   17919   25019   411
19   71019  110919  149019  171719  168119  133919   89519   53219   30119   191
19   15319   15019   14619   14119   13819   13819   14019   14019   13919   163
19   20119   23119   26220   27520   25620   21920   18020   15820   13920   135
20   12820   13120   13220   12820   12520   12620   13320   13820   14220   161
20   17920   20320   21420   21020   19420   17420   15120   14020   13620   137
20   13520   13520   13920   13620   13520   13920   16120   20620   28620   406
20   54920   62620   62520   53520   40120   27120   19320   16120   15620   152
20   14620   14521   14321   14221   14821   16221   19321   26721   37421   495
21   57721   57821   49521   37321   25921   19121   15821   14621   14321   141
21   13521   13821   13821   14121   14121   16021   18621   22821   26921   292
21   29121   25721   21121   16921   14721   14121   13421   13521   13821   138
21   14221   13821   15021   17121   21421   30621   41921   52021   55021   511
21   40821   28721   20521   16221   14521   13721   13721   14121   13821   136
21   13821   14022   15122   16822   19022   21822   23822   24022   21222   184
22   16422   15022   13922   13922   13822   14222   14122   14022   14422   143
22   15322   17822   21022   25422   28622   29222   27222   23022   18822   159
22   14822   14222   14622   14122   14222   14222   14322   14822   16022   179
22   22822   29922   34422   36722   34922   29122   21622   17622   15422   152
22   14722   15122   14822   14822   14822   15622   17222   21922   30722   436
22   55422   58822   54823   44223   31223   21523   17623   15823   15223   152
23   15523   15623   15623   15723   17023   21123   28923   37923   47523   508
23   48723   40423   32323   25923   21723   19823   18423   17323   17023   169
23   18523   22423   34923   63823  119623  189823  245323  259823  222823  1546
23   86523   42423   25423   20023   18123   17423   17023   17023   17223   173
23   16923   18023   20123   22123   23723   23023   21523   19623   17723   165
23   15923   15621   15722   15622   15422   15122   16222   18322   21622   316
22   43622   54922   61322   54722   43822   30622   21222   17522   15722   157
22   15722   15522   15822   15622   15622   15422   15822   15622   15922   153
22   15322   15422   15222   15022   15622   16222   16222   15822   15822   157
22   17022   19622   28022   49422   93222  151622  197922  211722  185922  1331
22   76322   37722   23422   19022   17922   17422   17422   17022   16622   167
22   17922   19320   21921   24021   25221   24521   22021   19321   16621   155
21   15521   15421   15121   15321   15821   15521   15421   17521   21921   282
21   35521   39121   37921   33021   25521   19221   16321   15721   15821   151
21   14721   15221   15021   15321   15321   16821   18121   20621   22521   226
21   21121   18821   16621   15321   14921   14821   14821   14821   15121   151
21   15721   16521   20121   26221   33621   38421   37421   32321   25821   195
21   16321   15020   14720   14920   15120   15020   15020   15220   16420   188
20   22320   27320   29720   30020   27420   22120   18020   16120   15320   154
20   14920   14920   14720   14720   15920   17520   22920   32220   42520   488
20   47220   40020   29820   21720   17520   16120   14920   15720   15320   150
20   15620   16620   18620   24120   34120   43320   47120   45520   37820   282
20   20520   16920   15920   14920   15520   15220   15220   16220   18020   220
20   31820   45419   57619   63219   58019   44319   30919   22219   17219   160
19   15019   15019   14919   15219   15119   15119   15019   15919   15019   154
19   15419   15819   15719   16419   17219   17519   16519   15919   15619   156
19   15719   17019   20419   29519   42819   59019   68119   67719   57419   416
19   27219   20119   17319   16119   16319   15919   16419   16419   17719   227
19   32319   44919   57819   66019   59319   46719   33319   22519   18019   166
19   16019   15618   16017   16318   16718   18818   24318   32618   44218   541
18   55018   48118   37118   26118   19518   17218   16218   15518   15818   156
18   15918   16018   17418   21518   25918   31118   33718   32918   29018   234
18   18818   16418   16218   15618   14918   15518   15418   16118   18918   235
18   31618   43118   51418   53218   48518   37018   26818   20418   16518   157
18   15618   16118   15718   16318   16318   15518   15318   15518   15618   154
18   15418   15018   15316   15317   15617   15117   15617   15717   15617   157
17   17217   22317   32317   51717   70717   85517   90017   79317   58517   372
17   24817   19117   17017   16417   16017   16017   16017   15717   15617   161
17   16017   15617   16417   16017   15817   15517   15417   15717   15717   150
17   15417   15217   15417   15717   16217   17817   19717   21017   22917   234
17   22017   19417   17217   15717   15117   15017   15117   15417   15217   153
17   15617   15717   17215   18516   19316   20116   19516   18116   17116   162
16   15716   15416   15416   15816   16016   15816   16916   20716   26116   344
16   44316   48116   46916   41816   32216   24016   19516   16916   15516   159
16   16016   15816   16116   17816   20016   22916   28016   29916   30816   299
16   25516   21616   18016   16116   16316   16116   16216   16016   15916   167
16   19216   22316   28116   31116   34016   33016   28416   23716   19416   177
16   15816   16316   15515   15815   15815   16415   17815   19515   22215   256
15   27815   27115   26015   23715   21615   19715   19115   18715   18215   177
15   17315   16915   17015   17615   19915   22715   23815   24415   24415   219
15   19415   17615   17115   16015   16715   17015   17115   17615   22015   299
15   44415   62815   79415   87315   84615   72215   54115   36115   26115   201
15   17615   17215   17115   17415   18215   19415   22415   26315   30715   335
15   33915   31015   27715   23114   19214   17514   17314   16514   16314   166
14   16314   17114   17514   17714   19314   19814   20114   19814   19714   188
14   17814   17614   16714   17114   16714   17314   18114   22314   28614   399
14   54114   68114   76214   76614   67914   53814   38414   27114   20714   180
14   17614   17314   17214   17914   18414   19514   21714   24414   25814   263
14   25614   24414   22114   18614   17114   17014   16614   16914   16714   175
14   18214   19914   22514   24913   28613   29313   29013   27513   24513   210
13   19213   18113   16813   16913   16713   16513   17613   16713   16513   167
13   17313   16413   16713   16613   16813   16513   17513   16913   16913   173
13   16813   17213   19013   21313   26113   33313   39913   47013   49513   503
13   45513   37313   30113   23813   20113   18213   17313   17113   17813   185
13   19213   21013   24213   26313   28013   28113   27513   24713   23013   201
13   18713   18313   18713   17611   18412   19012   19512   23512   26912   304
12   34212   36212   35812   33412   29112   24512   21012   19312   18012   173
12   18512   20012   21112   24812   31812   37612   46012   52312   53112   514
12   44712   36912   28912   23512   20512   19012   18612   17612   18212   194
12   21812   24112   27512   30112   31812   31912   30912   27812   24312   216
12   19112   18412   17812   17612   17512   18912   19612   21212   23512   269
12   28712   29712   28712   27710   25411   23411   20411   19611   18811   186
11   19311   20311   23011   26411   31211   38611   45511   50111   52011   496
11   44411   37411   31111   25411   21011   18811   18511   18511   17911   185
11   18411   18211   19211   19111   20211   19911   20411   20211   18611   183
11   18711   18711   19411   19411   20211   23311   28211   36211   45911   557
11   64711   70911   70611   66311   58711   47111   36111   27211   23011   201
11   19211   19011   18411   188 9   19010   19010   19110   19410   19510   196
10   19610   19410   19410   18810   18610   18710   18710   18910   19610   206
10   22910   26110   30010   33710   37010   38210   39410   37510   35310   288
10   26210   23110   21110   20010   21210   22010   25310   30810   38710   479
10   58610   66710   70410   71410   66410   58110   48710   38810   31610   254
10   22610   22610   23310   26810   35110   43010   53510   64510   72710   778
10   79510   75710   66710   569 9   455 9   351 9   282 9   237 9   219 9   205
 9   212 9   224 9   245 9   258 9   265 9   284 9   298 9   292 9   280 9   275
 9   266 9   240 9   221 9   213 9   204 9   203 9   202 9   217 9   249 9   277
 9   312 9   353 9   390 9   423 9   440 9   429 9   400 9   367 9   326 9   277
 9   243 9   219 9   204 9   197 9   195 9   190 9   179 9   181 9   186 9   184
 9   182 9   187 9   188 9   190 9   192 9   182 9   189 9   193 9   184 9   182
 9   190 9   193 9   202 9   196 8   213 8   226 8   232 8   232 8   243 8   235
 8   236 8   239 8   234 8   220 8   208 8   200 8   196 8   189 8   189 8   196
 8   205 8   222 8   220 8   233 8   249 8   263 8   275 8   276 8   263 8   250
 8   247 8   237 8   218 8   202 8   212 8   213 8   231 8   273 8   330 8   394
 8   462 8   538 8   614 8   656 8   691 8   688 8   650 8   585 8   499 8   424
 8   345 8   285 8   245 8   220 8   217 8   207 8   222 8   222 8   231 8   248
 8   249 8   254 8   252 8   255 7   249 7   235 7   231 7   232 7   235 7   226
 7   235 7   245 7   248 7   273 7   295 7   324 7   346 7   405 7   422 7   438
 7   435 7   446 7   421 7   382 7   348 7   293 7   266 7   237 7   217 7   205
 7   222 7   225 7   231 7   253 7   266 7   280 7   286 7   297 7   302 7   296
 7   289 7   288 7   262 7   247 7   238 7   210 7   204 7   210 7   209 7   217
 7   222 7   237 7   248 7   265 7   281 7   285 7   298 7   294 7   288 7   273
 7   255 7   248 7   231 7   219 6   199 6   210 6   203 6   220 6   211 6   218
 6   235 6   245 6   250 6   252 6   252 6   256 6   261 6   254 6   227 6   225
 6   228 6   220 6   219 6   225 6   236 6   247 6   283 6   304 6   350 6   375
 6   407 6   459 6   470 6   483 6   455 6   451 6   432 6   391 6   337 6   292
 6   272 6   240 6   221 6   212 6   202 6   206 6   205 6   198 6   208 6   206
 6   205 6   206 6   206 6   202 6   191 6   200 6   202 6   198 6   193 6   190
 6   192 6   187 6   196 6   188 5   195 4   227 4   220 4   208 4   245 4   229
 4   231 4   246 4   225 4   215 4   222 4   208 4   217 4   198 4   193 4   202
 4   201 4   215 4   219 4   241 4   236 4   243 4   270 4   291 4   282 4   289
 4   284 4   256 4   255 4   268 4   247 4   236 4   232 4   223 4   218 4   201
 4   205 4   207 4   209 4   213 4   219 4   234 4   234 4   239 4   237 4   246
 4   236 4   232 4   240 4   221 4   206 4   208 4   202 4   204 4   217 4   205
 4   211 4   208 4   219 4   231 3   245 2   248 2   238 2   276 2   263 2   257
 2   259 2   236 2   256 2   251 2   246 2   232 2   216 2   221 2   229 2   247
 2   238 2   276 2   304 2   306 2   308 2   322 2   325 2   350 2   343 2   335
 2   337 2   334 2   281 2   299 2   286 2   270 2   243 2   220 2   207 2   197
 2   192 2   189 2   201 2   181 2   190 2   177 2   200 2   187 2   198 2   191
 2   203 2   190 2   189 2   186 2   190 2   206 2   226 2   239 2   243 2   278
 2   279 2   335 2   338 2   339 2   387
   -1000
  -10000
