CuF2 M. Ain (1.5K D1A-LLB JUAN   MICHEL 27-NOV-92  10:32:00  7570 to   7587
     100       0  0.0500       1       0       0       0
   0.100
   8957.
 2     4 2     4 2     5 2     5 2     4 2     4 2     6 2     7 2     5 2     3
 2    11 2     7 2     6 2     6 2     6 2     4 2     6 2     9 2    13 2    11
 2     9 2     8 2     8 2    22 2    24 2    33 2    39 2    41 2    53 2    61
 2    68 2    82 2    58 2    71 2    71 2    70 2    69 2    69 2    66 2    63
 2    68 2    75 2    70 2    61 2    64 2    60 2    73 2    62 2    72 2    68
 2    58 2    63 2    64 2    66 2    63 2    73 2    63 2    63 2    68 2    66
 2    60 2    73 2    52 2    68 2    68 2    71 2    76 2    61 2    72 2    63
 2    62 2    63 2    63 2    61 2    63 2    70 2    60 2    62 2    77 2    68
 2    81 2    73 2    76 2    75 2    74 2    80 2    84 2    79 2    72 2    77
 2    78 2    92 2    87 2    80 2    73 2    80 2    76 2    87 2    70 2    83
 2    90 2    83 2    88 2    87 2    76 2    85 2    96 2    84 2    94 2    95
 2    92 2    80 2    98 2    96 2    85 2    91 2    92 2    96 4    90 4    88
 4    89 4    87 4    84 4    83 4    95 4   100 4    93 4    88 4    91 4    96
 4    90 4    91 4    85 4    90 4    85 4    90 4    80 4    80 4    81 4    86
 4    87 4    87 4    94 4    82 4    94 4    82 4    90 4    87 4    80 4    85
 4    84 4    81 4    81 4    88 4    84 4    81 4    94 4    84 4    86 4    85
 4    80 4    85 4    80 4    79 4    81 4    79 4    87 4    89 4    83 4    80
 4    83 4    86 4    80 4    81 4    74 4    76 4    81 4    76 4    77 4    76
 4    73 4    77 4    72 4    77 4    79 4    76 4    80 4    77 4    80 4    73
 4    81 4    79 4    82 4    73 4    77 4    78 4    72 4    72 4    85 4    74
 4    79 4    78 4    79 4    77 4    77 4    75 4    82 4    77 4    81 4    72
 4    68 4    75 4    80 4    82 4    75 4    69 4    78 4    71 4    77 4    77
 4    83 4    69 4    75 4    62 4    72 4    70 4    79 4    77 4    71 4    77
 4    78 4    66 4    67 4    73 4    78 4    71 6    76 6    72 6    76 6    78
 6    72 6    68 6    68 6    71 6    73 6    73 6    77 6    75 6    68 6    66
 6    68 6    73 6    69 6    71 6    70 6    71 6    76 6    74 6    76 6    74
 6    71 6    71 6    77 6    73 6    76 6    71 6    72 6    71 6    72 6    70
 6    69 6    67 6    74 6    68 6    72 6    74 6    70 6    69 6    67 6    69
 6    71 6    82 6    71 6    71 6    66 6    69 6    68 6    67 6    68 6    72
 6    68 6    75 6    71 6    74 6    69 6    67 6    68 6    74 6    77 6    74
 6    69 6    71 6    74 6    69 6    69 6    70 6    70 6    72 6    66 6    69
 6    74 6    69 6    69 6    71 6    66 6    73 6    70 6    67 6    69 6    67
 6    68 6    66 6    67 6    68 6    69 6    68 6    71 6    74 6    72 6    69
 6    67 6    74 6    67 6    75 6    67 6    68 6    69 6    62 6    66 6    70
 6    66 6    63 6    68 6    68 6    74 6    65 6    71 6    65 6    73 6    68
 6    75 6    76 6    67 6    71 6    76 6    66 6    63 6    68 6    72 6    71
 8    68 8    65 8    70 8    72 8    70 8    63 8    63 8    67 8    69 8    73
 8    75 8    70 8    65 8    70 8    69 8    70 8    65 8    70 8    69 8    68
 8    70 8    72 8    70 8    73 8    69 8    68 8    68 8    67 8    66 8    70
 8    70 8    71 8    66 8    72 8    69 8    71 8    69 8    73 8    71 8    70
 8    68 8    69 8    65 8    62 8    65 8    63 8    65 8    69 8    70 8    64
 8    67 8    66 8    66 8    64 8    65 8    66 8    72 8    70 8    75 8    68
 8    70 8    67 8    68 8    68 8    69 8    68 8    65 8    69 8    69 8    76
 8    73 8    69 8    69 8    77 8    78 8    84 8    82 8    82 8    85 8    93
 8    89 8    99 8   102 8   107 8   118 8   126 8   130 8   139 8   144 8   143
 8   154 8   145 8   130 8   123 8   117 8   108 8   103 8    94 8    83 8    74
 8    75 8    70 8    73 8    73 8    68 8    68 8    66 8    69 8    67 8    69
 8    71 8    76 8    67 8    72 8    67 8    67 8    68 8    7210    7110    68
 9    68 9    68 9    65 9    64 9    63 9    63 9    67 9    69 9    68 9    68
 9    67 9    67 9    69 9    70 9    67 9    70 9    68 9    68 9    62 9    63
 9    64 9    66 9    68 9    65 9    68 9    66 9    72 9    65 9    65 9    67
 9    66 9    65 9    62 9    65 9    64 9    68 9    69 9    66 9    66 9    66
 9    65 9    65 9    61 9    66 9    68 9    63 9    63 9    63 9    70 9    63
 9    62 9    63 9    63 9    64 9    63 9    68 9    64 9    61 9    63 9    67
 9    65 9    65 9    64 9    63 9    59 9    62 9    62 9    64 9    65 9    60
 9    65 9    66 9    62 9    63 9    63 9    64 9    63 9    62 9    63 9    63
 9    63 9    59 9    62 9    64 9    61 9    62 9    62 9    59 9    64 9    63
 9    63 9    66 9    63 9    63 9    68 9    68 9    68 9    63 9    61 9    64
 9    64 9    68 9    65 9    66 9    68 9    62 9    62 9    63 9    64 9    66
 9    62 9    61 9    64 9    67 9    61 9    66 9    61 9    6210    6210    62
10    6210    6510    6110    6210    6310    6010    6110    5910    6010    62
10    6510    6210    6310    6410    6410    6510    6310    6510    6310    61
10    6410    6010    6410    6210    6710    6510    6610    6110    6110    62
10    6310    6410    6310    6410    6310    6910    6810    6810    6710    69
10    6810    7010    7210    7710    7910    8010    8210    8910    9610    94
10    9410    9710    9310    8210    7810    7510    7410    7110    6810    69
10    6210    6310    6110    6010    6110    6610    6410    6010    6410    62
10    6510    6010    6310    6710    6010    5810    5910    6210    6110    64
10    6310    6310    5910    6210    6710    6110    6010    6110    6610    61
10    6210    6510    6610    6710    6810    6610    7210    7610    8510   101
10   11910   15810   18810   23610   29410   36210   45410   57110   70810   865
10  103310  123610  139510  153810  165310  1697 9  1630 9  148511  127011  1046
11   80311   60111   42711   30411   21211   15511   11611    9111    7711    75
11    7511    7211    6611    6811    6711    6911    6711    6811    6711    67
11    6311    6311    6411    6411    6711    6911    6711    6311    6211    66
11    6411    6311    5811    6111    6211    6211    6311    6511    6311    64
11    6511    6911    6211    6511    7111    6811    6511    6511    6711    73
11    7511    7311    7111    7311    7711    7811    7711    7511    7311    69
11    7411    7211    6911    6711    7211    6911    6811    6911    6911    67
11    6911    6711    6911    7011    7211    7211    7311    8211    8611    89
11    9211    9111    9011    8911    8811    8511    8411    8011    7611    81
11    8911    9711   11211   12511   14811   17811   20711   25511   29311   344
11   39111   44311   48211   50311   50911   47711   42911   36611   31211   250
11   19711   15311   11911    9711    8611    7611    7011    6913    6813    69
12    6812    6212    6112    6012    6412    6412    6412    6212    6312    65
12    6412    6212    6312    6012    5812    6512    6312    6112    6112    66
12    7012    7112    7512    8412    9812   10412   11812   14812   18312   210
12   23712   26812   31412   34212   36412   36412   34712   32412   28912   243
12   19712   16012   12512   10312    8812    7912    6912    6512    6312    65
12    6212    6012    5912    6112    6112    5712    6112    6312    6212    60
12    5912    5912    6112    6012    6312    6012    6012    5912    6012    60
12    6112    6512    7012    6712    6912    7512    7812    8112    8712    88
12    9512    9612    9512    9412    8812    8112    7412    7212    7112    67
12    6612    6212    6212    6112    6112    6112    5812    6112    6412    63
12    5812    5712    6112    6312    6412    5512    5812    6112    6212    64
12    6712    6312    6412    6512    6512    6612    6212    5713    6013    61
13    6613    7013    7613    8713    9413   11413   14613   18913   25313   348
13   45613   59213   73213   91913  111813  130313  146913  154713  154313  1462
13  129613  109313   88213   68013   48613   34113   23813   17513   13313   106
13    9113    8413    7613    7213    7313    7313    6913    6613    6513    64
13    6113    6413    6413    6413    6313    6213    6113    6113    6213    63
13    6313    6413    5913    5913    6513    6613    6413    7113    7313    77
13    7913    8313    9013    9313    9813   10313   10613   10413   10313   101
13    9513    9413    8813    8713    8213    8013    7613    7213    7213    70
13    6913    6913    6613    6713    6913    6513    6313    6413    6713    70
13    7613    8013    9213   10913   13513   17513   23913   32113   41613   521
13   64713   77713   91013  100913  105113  106113   99213   85113   69513   548
13   41213   30413   21713   15913   12513   10813    9613    8014    8214    78
14    8314    7614    7614    7814    7314    7514    6714    6514    6714    63
14    6514    6014    6214    5914    5914    6214    6514    6514    6214    59
14    6414    6414    6114    6414    6114    6314    6414    6214    5814    61
14    6114    6114    5914    6214    5814    6114    6014    6214    6114    61
14    6314    6114    6214    5814    5814    6214    5914    5814    5914    62
14    6414    6514    6514    6414    6314    6714    6414    6314    6714    68
14    6914    7014    6714    6514    6414    6714    7114    6614    7014    74
14    7614    8414   10114   12614   15114   19514   24814   32714   40214   488
14   56214   63414   68214   70914   70814   66414   59614   50314   41614   329
14   24814   18814   14614   11414    9514    8314    7714    7214    6914    66
14    6414    6614    6514    6214    6014    6114    6614    6514    6614    62
14    6714    6414    6314    6414    6414    6314    6814    6413    6413    65
13    6013    6013    5713    6213    6313    6213    6113    6313    6313    60
13    6113    6213    5913    6213    6113    6213    5713    6013    6113    61
13    6113    5813    5913    6213    6413    6213    6413    6113    6413    64
13    6213    6413    6313    6513    6413    6413    6413    6513    6813    66
13    6213    6313    6113    6113    6113    6213    5713    5913    6213    61
13    6313    6113    6013    6213    6213    6513    6313    6113    6213    63
13    6713    6813    7113    7313    6913    7613    7513    7513    7813    75
13    7513    7313    7213    6813    7213    7013    7113    7213    7913    80
13    8313    8513    8213    8113    8013    7813    7213    7213    6913    69
13    7213    7213    7013    6613    6913    7313    7013    7313    6713    67
13    6713    6413    6613    6613    6713    6313    6913    7113    6713    74
13    8413    9413   10313   12913   16613   22313   29913   38712   50212   639
12   76712   88912   98412  103212  102812   94312   83312   70012   54012   401
12   29612   21512   15912   12412   10612    9212    8612    8012    7912    77
12    7212    7112    7612    7012    7312    7512    7012    7412    7612    77
12    8012    8312    8612   10012   11912   14112   18812   24612   31412   383
12   46612   53812   59612   62012   60412   56412   48312   40812   30812   236
12   17912   13812   11412    9712    8112    7412    7112    7012    7312    70
12    7112    6712    7012    6512    6812    6612    6912    7212    7012    74
12    7912    8012    8412    8612    8412    8912    8612    8312    8212    80
12    8112    8412    7712    8212    7512    7512    7112    7612    7312    69
12    7212    6812    6612    6812    7012    7212    7012    7212    7412    76
12    7512    8012    8212    9012   10212   12812   17712   24512   33512   463
12   61312   80212   97412  112112  122512  126912  122312  109711   93111   728
11   55511   40511   28711   20611   15311   12311   10211    8711    8311    78
11    8111    8111    8011    7411    7511    8411    9011    9811   11511   155
11   20611   27911   37111   50411   62611   76011   85911   90611   86111   808
11   68911   55011   41511   30011   21711   16511   13511   11411   10811   121
11   13811   17211   22411   29611   39311   50711   66211   83611   97711  1103
11  116111  116511  111511   99311   81811   64111   47911   34811   24711   182
11   13611   12411   10511    9811    9311    9211    9711   10811   13611   169
11   23511   35511   53011   73211   99811  129411  158211  181711  192111  1891
11  175711  149311  119211   87511   61811   41711   27111   18111   13611   107
11    9111    8311    8411    7511    7811    7611    7311    7111    6811    67
11    6911    6711    6611    6811    6711    6411    6011    6311    6611    67
11    6411    6211    6511    6511    7111    6011    6311    6210    6910    68
10    6710    6910    6910    7110    7510    7110    6910    7110    7210    74
10    6910    7210    7610    7410    6910    7210    7210    6910    7010    69
10    7110    7010    7110    7210    7610    7410    7110    7010    7210    74
10    7110    7510    7710    8110    8510    9610   11010   12710   15210   182
10   20910   22610   23910   23310   22110   20910   17110   14110   12210   104
10    8810    7910    7610    7410    7110    7410    7210    6810    7010    71
10    7210    7110    7110    7110    7310    7010    7510    7710    7610    76
10    7610    7710    8110    9010   10710   11810   12710   16010   19710   243
10   28510   32910   36210   38110   39210   38110   34910   29910   23910   183
10   15010   11610   10110    8710    8110    7910    7810    7410    7310    79
10    8210    8810    9610    9310    9810    9210    8610    8110    7610    80
10    7410    7110    7510    7210    7810    7410    7310    7110    7410    69
 9    70 9    67 9    64 9    64 9    67 9    67 9    61 9    62 9    62 9    62
 9    66 9    64 9    70 9    69 9    67 9    72 9    75 9    72 9    72 9    74
 9    69 9    72 9    67 9    64 9    71 9    71 9    67 9    67 9    70 9    68
 9    64 9    71 9    70 9    70 9    69 9    70 9    71 9    70 9    72 9    78
 9    82 9    86 9    93 9   106 9   124 9   137 9   169 9   217 9   277 9   350
 9   454 9   574 9   664 9   741 9   807 9   838 9   814 9   771 9   711 9   622
 9   548 9   458 9   402 9   358 9   301 9   241 9   208 9   178 9   150 9   131
 9   112 9    99 9    94 9    81 9    82 9    80 9    75 9    74 9    76 9    74
 9    74 9    72 9    70 9    75 9    77 9    79 9    82 9    86 9    89 9    98
 9   108 9   143 9   195 9   257 9   347 9   450 9   551 9   639 9   715 9   747
 9   729 9   653 9   551 9   420 9   312 9   239 9   185 9   145 9   124 9   120
 9   114 9   112 9   126 9   128 9   151 9   163 9   177 9   198 8   213 8   218
 8   209 8   194 8   172 8   141 8   125 8   108 8    89 8    81 8    77 8    71
 8    74 8    76 8    72 8    77 8    77 8    77 8    78 8    79 8    78 8    74
 8    73 8    76 8    74 8    75 8    80 8    83 8    81 8    90 8    90 8    96
 8   105 8   116 8   135 8   156 8   183 8   247 8   325 8   436 8   621 8   851
 8  1098 8  1392 8  1707 8  1947 8  2033 8  2021 8  1868 8  1628 8  1339 8  1034
 8   799 8   599 8   432 8   313 8   245 8   198 8   159 8   135 8   124 8   109
 8    99 8    90 8    83 8    85 8    87 8    84 8    78 8    78 8    75 8    76
 8    78 8    76 8    74 8    74 8    70 8    70 8    76 8    77 8    73 8    73
 8    74 8    71 8    71 8    70 8    71 8    75 8    72 8    69 8    69 8    70
 8    66 8    67 8    70 8    70 8    74 8    70 8    67 8    70 8    71 8    74
 8    72 8    70 8    69 8    74 8    75 8    73 8    73 8    83 8    82 8    87
 8    94 8   102 8   120 8   139 8   176 8   220 7   254 7   299 7   319 7   330
 7   343 7   312 7   270 7   241 7   204 7   171 7   154 7   139 7   142 7   165
 7   207 7   277 7   381 7   513 7   679 7   837 7   942 7  1031 7  1028 7   924
 7   795 7   634 7   487 7   355 7   262 7   187 7   145 7   130 7   113 7    96
 7    86 7    85 7    80 7    79 7    80 7    77 7    77 7    73 7    73 7    78
 7    80 7    84 7    84 7    99 7   107 7   122 7   143 7   161 7   187 7   225
 7   264 7   290 7   304 7   304 7   273 7   228 7   199 7   165 7   143 7   124
 7   113 7   125 7   155 7   187 7   220 7   235 7   254 7   260 7   249 7   228
 7   208 7   181 7   151 7   127 7   113 7   102 7    92 7    83 7    73 7    75
 7    73 7    72 7    64 7    65 7    64 7    67 7    68 7    72 7    70 7    71
 7    72 7    69 7    64 7    64 7    68 7    65 7    65 7    70 7    77 7    72
 7    73 7    71 7    71 7    70 7    70 7    72 7    68 7    69 7    72 7    71
 7    74 7    73 7    77 7    70 7    69 7    70 7    72 7    78 7    76 7    78
 6    80 6    97 6   112 6   117 6   149 6   172 6   193 6   219 6   221 6   211
 6   195 6   170 6   156 6   128 6   109 6   103 6    97 6    95 6   104 6   124
 6   142 6   165 6   205 6   224 6   237 6   242 6   238 6   223 6   208 6   194
 6   184 6   158 6   134 6   118 6   105 6    95 6    86 6    79 6    73 6    77
 6    70 6    69 6    75 6    68 6    64 6    69 6    67 6    70 6    73 6    75
 6    71 6    72 6    76 6    71 6    71 6    70 6    67 6    67 6    69 6    69
 6    70 6    75 6    81 6    92 6    97 6   107 6   133 6   157 6   176 6   191
 6   196 6   198 6   186 6   165 6   137 6   122 6   110 6    96 6    89 6    75
 6    74 6    75 6    70 6    72 6    68 6    67 6    71 6    71 6    65 6    70
 6    67 6    68 6    64 6    67 6    70 6    71 6    66 6    66 6    77 6    71
 6    71 6    69 6    68 6    76 6    73 6    72 6    69 6    72 6    65 6    69
 6    68 6    69 6    70 6    67 6    69 6    65 6    65 6    70 5    65 5    65
 5    66 5    69 5    70 5    75 5    77 5    77 5    83 5    89 5    94 5   103
 5   131 5   158 5   203 5   297 5   383 5   491 5   592 5   636 5   645 5   588
 5   505 5   410 5   310 5   226 5   177 5   142 5   119 5    97 5    86 5    80
 5    79 5    77 5    74 5    71 5    73 5    76 5    73 5    71 5    67 5    70
 5    71 5    73 5    72 5    77 5    72 5    73 5    74 5    71 5    75 5    75
 5    72 5    80 5    74 5    76 5    80 5    72 5    75 5    74 5    83 5    86
 5    82 5    87 5    96 5   100 5   107 5   115 5   129 5   154 5   189 5   234
 5   290 5   355 5   447 5   579 5   740 5   905 5  1145 5  1355 5  1502 5  1631
 5  1596 5  1497 5  1300 5  1019 5   729 5   518 5   362 5   267 5   196 5   156
 5   136 5   126 5   108 5   100 5    97 5    96 5    90 5    92 5    88 5    82
 5    84 5    82 5    76 5    80 5    87 5    76 5    78 5    83 5    80 5    78
 5    76 5    81 5    82 5    77 5    76 5    78 5    76 5    73 4    72 4    74
 4    69 4    72 4    69 4    75 4    77 4    79 4    69 4    74 4    70 4    69
 4    72 4    75 4    76 4    71 4    68 4    71 4    76 4    76 4    78 4    70
 4    69 4    70 4    70 4    69 4    74 4    81 4    77 4    76 4    70 4    68
 4    61 4    67 4    63 4    60 4    65 4    73 4    70 4    65 4    65 4    62
 4    71 4    68 4    71 4    68 4    72 4    72 4    67 4    72 4    63 4    71
 4    72 4    69 4    69 4    65 4    72 4    63 4    63 4    64 4    71 4    72
 4    68 4    74 4    77 4    68 4    69 4    71 4    76 4    75 4    69 4    69
 4    64 4    65 4    75 4    73 4    67 4    67 4    68 4    72 4    71 4    69
 4    71 4    78 4    81 4    77 4    84 4    84 4    83 4    85 4    86 4    80
 4    82 4    80 4    79 4    75 4    72 4    74 4    70 4    83 4    76 4    75
 4    81 4    75 4    81 4    73 4    80 4    86 4    91 4   102 4    99 4   103
 4   105 4   124 4   128 4   148 4   170 4   177 4   191 4   195 3   217 3   260
 3   289 3   330 3   356 3   384 3   371 3   386 3   417 3   438 3   459 3   481
 3   490 3   494 3   451 3   418 3   380 3   332 3   312 3   280 3   243 3   227
 3   220 3   231 3   243 3   267 3   307 3   329 3   356 3   370 3   370 3   343
 3   324 3   310 3   264 3   235 3   239 3   220 3   207 3   189 3   162 3   147
 3   128 3   110 3   118 3   106 3    97 3   107 3    95 3   104 3    94 3    82
 3    83 3    76 3    85 3    77 3    78 3    77 3    81 3    84 3    84 3    79
 3    72 3    84 3    77 3    74 3    73 3    80 3    78 3    81 3    80 3    79
 3    76 3    80 3    78 3    76 3    77 3    69 3    71 3    62 3    72 3    73
 3    81 3    72 3    78 3    72 3    83 3    76 3    78 3    77 3    67 3    65
 3    74 3    80 3    76 3    72 3    81 3    75 3    75 3    79 3    91 3    88
 3    86 3    80 3    76 3    82 3    78 3    77 3    85 3    84 3    87 3    82
 3    69 3    74 3    85 3    93 3    94 3    94 3    99 3   105 2   104 2   117
 2   113 2   130 2   151 2   164 2   154 2   146 2   161 2   173 2   138 2   149
 2   152 2   171 2   187 2   189 2   219 2   260 2   292 2   327 2   421 2   455
 2   492 2   538 2   593 2   625 2   683 2   759 2   854 2   939 2  1044 2  1131
 2  1147 2  1160 2  1123 2  1049 2   925 2   836 2   819 2   733 2   703 2   625
 2   610 2   574 2   515 2   474 2   448 2   428 2   410 2   413 2   420 2   465
 2   501 2   540 2   565 2   609 2   607 2   610 2   574 2   519 2   447 2   381
 2   309 2   253 2   208 2   169 2   154 2   142 2   148 2   126 2   102 2   106
 2   106 2   108 2   101 2    86 2    89 2    95 2    95 2    96 2    88 2    88
 2    91 2   101 2   117 2   108 2   112 2   121 2   110 2   123 2   128 2   153
 2   149 2   148 2   175 2   202 2   201 2   220 2   231 2   246 2   258 2   280
 2   319 2   316 2   352 2   369 2   411 2   426 2   379 2   375 2   381 2   307
 2   276 2   247 2   223 2   204 2   174 2   178 2   184 2   206 1   207 1   212
 1   213 1   220 1   203 1   201 1   180 1   154 1   154 1   143 1   118 1   107
 1   119 1   104 1    84 1    90 1    98 1    93 1    75 1   118 1    76 1    73
 1    66 1    83 1    82 1    83 1    91 1    60 1    82 1    94 1    83 1    71
 1    93 1    94 1    89 1    91 1    69 1    89 1    84 1    99 1   102 1   110
 1    96 1   122 1   134 1   135 1   145 1   174 1   208 1   276 1   320 1   458
 1   587 1   774 1   835 1  1011 1  1112 1  1173 1  1103 1  1073 1   955 1   830
 1   717 1   656 1   491 1   367 1   352 1   324 1   270 1   225 1   193 1   161
 1   157 1   121 1   132 1   100 1   121 1    87 1   103 1   110 1   112 1    80
 1    94 1    90 1    75 1    74 1    93 1    87 1    87 1    92 1    84 1    85
 1    65 1    89 1    87 1    90 1    81 1    89 1    80 1    85 1    91 1    84
 1    78 1    85 1    86 1    73 1    84 1    85 1   100 1    79 1   113 1   101
 1   105 1   117 1   138 1   135 1   111 1   151 1   169 1     4
   -1000
