



! Diffraction pattern from  CeO2 CuKalpha
#
     25.000   0.025  143.000
      32      39      32      32      32      28      38      36      53      31
      40      38      43      47      38      34      31      34      31      36
      27      44      38      37      36      31      38      42      37      60
      59      77      60      51      50      44      42      32      38      38
      32      32      32      31      43      33      37      31      33      43
      42      46      37      26      31      39      46      38      32      29
      37      38      30      42      25      30      29      34      37      43
      32      28      32      29      50      29      33      43      31      42
      33      42      27      39      26      24      38      24      43      32
      50      43      31      42      54      37      37      51      43      28
      38      44      34      47      50      56      40      47      53      60
      50      53      57      56      65      56      70      86      72      94
      88      92     108     118     129     144     187     187     278     275
     331     424     556     655     936    1274    1866    2735    3745    5610
    8519   13665   22530   28459   23994   17397   13665    8611    3540    1239
     739     552     453     380     349     299     219     184     174     151
     116     104     104      96      82      60      62      67      50      67
      43      47      54      42      53      44      43      44      37      49
      49      53      47      40      34      40      28      47      38      31
      32      43      43      49      39      34      44      28      31      25
      38      25      40      28      38      34      31      34      32      32
      27      32      31      29      30      26      32      27      32      31
      23      40      30      25      36      26      27      24      30      26
      31      27      34      12      19      29      27      22      25      25
      24      21      32      31      20      28      31      21      24      24
      25      20      24      27      32      30      20      24      23      25
      23      21      32      21      24      23      24      26      30      27
      27      21      22      21      21      25      29      20      23      32
      49      20      20      24      26      40      26      32      28      26
      32      29      31      22      32      30      31      38      40      47
      47      46      53      44      43      53      62      56      72      77
      70      84     121     106     132     210     272     368     552     795
    1204    1840    3036    5241    7726    7447    5299    4186    3806    2381
     900     349     228     193     146     108     112      77      84      57
      65      75      43      50      50      33      36      43      32      40
      34      25      30      37      22      19      25      12      23      32
      28      33      27      15      29      23      24      19      24      20
      23      24      20      31      25      33      20      19      16      22
      12      13      19      26      25      21      16      17      19      17
      13      21      29      23      16      29      25      19      16      17
      25      17      21      12      15      25      20      19      19      16
      20      24      16      15      21      12      26      21      17      26
      15      19      12      20      16      16      17      17      20      24
      21      26      17      19      29      16      21      10      16      21
      13      12      20      12      24      19      21      17      16      12
      16      16      12      27      16      15      15      15      20      16
      19      19      12      27      13      19      16      27      15      22
      13      15      17      15       7      16      15       5      20      20
      19      24      23      16      20      21      17      20      12      13
      23       7      13      10      19      12      13      12      16      10
      13      12      12      17      16      15      12      16       6      16
      16      16      10      17      24      10      22      24      23      16
      21      16      16      16      24      12      24      21      16      12
      12      21      20      16      16      12       7      22      10      13
      16      16      13      12      16      22      10      15      16       7
      16      16      17      13      10      16      12      16      12      10
      17      16      10      10      15      16      19      13      20      16
       9      12      12      15      15      16      10      16      15      17
      19      13       7      22      16      16      15      12      22      20
      12      13      17       9      21      16      12      16       7      12
      15      12      13      13      15      12      13      12      15      13
      13      12      16      22      16      15      13      23      10      13
      12      21       5      15      12       9      16      17      19      17
       9      16      16      10      12      20      20      16      16      10
       6      10      13      17      15      13      10      19      16      16
      12      19      12      13      13       5      12      15      16      16
       6      15      16      13      10      12      21      22      16       9
      13      13       7      15      12      16      13      10      10      15
      12      12      12      17      20      15      16      16       5      12
      19      21      16      10      24      15      15      13      16      12
      10      15      12      15      16      20      21      29      34      31
      12      19      16      20      19      17      13      10      16       7
      15      13      15      20      24      13      16      19      16      19
      15      10      17      15      13       5      17      12      22      10
      10      12      10      10       9      12      13      17      13       7
      10      12      30      12      10      12      20      12      10      10
      17      15      21      16      19      13       6      13      10      10
      17      15      19      23      12      15      10      15      20      13
      15      12      21       6      16      17      10      12      16      24
      13      16      13      15      15      17      20      13       5      26
      13      20      12      12      16      16      10      13      15      20
      12      12      15      15      12      27      17      15      24      13
       6      25      17      10      15      19      24      23      10      13
      13      20      20      20      15      22      16      21      16      22
      22      21      32      25      13      30      22      20      26      28
      32      28      25      22      21      28      26      31      32      31
      38      27      32      28      46      46      38      26      38      30
      32      42      43      50      56      50      38      59      70      57
      65      65      81      86     104     110     132     166     169     201
     262     327     353     470     610     906    1406    2550    4747    8968
   13994   13156    7921    4462    5169    6988    6416    3516    1428     676
     412     338     285     210     176     161     139     104      96      96
      64      57      70      65      53      54      46      59      44      40
      46      32      39      43      36      46      38      36      38      36
      24      24      21      29      27      30      16      27      34      12
      28      22      28      20      22      15      26      19      21      31
      22      15      16      20      22      21      17      28      12      24
      17      10      22      15      21      12      17      12      20      12
      17      25      25       9      13      12      10      24      16      10
      17      12      13      12      15      12      12      15      15      15
      12      13      15      13      15      12      16      10       7      12
      16      16      13      17      22      19      12      25      20      16
      25      32      31      19      20      20       4      12      26      19
      17      16      13      10      15       7      17      16      13      12
      15      12      19      16      10      13      21      16      10      12
      12      19      16      12      16      10      17      15      10       9
      12      10      16      13      10      19      10      10      19      16
      10      15      13      16      19      19      15      10      12      25
      10      21      10       7      13      10      15      12      15      19
      22       5       9      12      10      16      17      21      13      22
      19      19      19      19      10      20      15      13      13      12
      17      19      21      19      21      17      16      19      16      19
      16      13       7      20      22      17      16      12      12      22
      16      19      23      13      16      12      12      12      19      10
      13      22      13      19      15      16      20      15       6      12
      10      15      16      16      13      16      17      16      22      17
      17      20      16      13      13      20      20      21      17      25
      17      16      16      17      16      16      16      20      12      12
      21      16      22      17      16      12      23      25      24      23
      20      15      23      24      21      22      21      29      26      20
      13      24      28      22      16      26      22      19      27      24
      32      29      27      26      31      26      30      33      32      16
      29      22      36      29      39      31      43      53      38      49
      38      46      40      49      50      47      57      82      75     110
     121     136     156     184     249     243     292     299     357     561
     942    1536    3180    6256   11067   11620    7656    3648    2520    3249
    5329    5944    3757    1640     723     445     299     243     174     174
     139     118      82      86      70      56      56      53      53      34
      39      56      38      47      39      44      43      31      29      33
      32      33      24      32      33      26      28      36      26      36
      32      25      20      31      32      20      29      26      24      24
      20      25      30      22      23      22      25      19      26      24
      25      23      17      16      24      25      31      21      16      30
      17      16      16      16      17      13      24      23      21      22
      19      16      23      31      23      21      25      27      28      36
      32      40      37      62      50      47      65      54     106     102
     193     306     620    1274    2052    2079    1239     630     466     585
     882    1011     800     445     179     106      77      59      47      46
      33      43      38      27      26      24      30      20      21      19
      20      20      20      20      16      10      16      16      16      16
      12      12      15      16      13      10      13      15      16      10
      20      12      12      10      17      13       4      10      12      13
      10      10      16      10       5      10      12      16      16       2
      12       9      13      12      13      20      13      12      21      12
      10       5       7      17       9      16      10       9      10       9
      12       6      10      16      10      15      21      12      10      16
      16      16       9       9      10      20      15      10      10      12
      10       9      10      10      10      12      15      12      16      19
      12       9       6      12       6      13      10       6      16      12
      10      15      10      12       4       7      12      12       9      16
       9      15      13      15       9      12       4      10      12       7
       9       4      12      12      10       5      17      13      13      16
      13       7      12      15       9      15      12       9      10       5
       9      12      16      12       7       7      10       7       7      10
      10       9      12       7      15      13      10       4      10      12
       9       5      12      10       7      13       2      12      12      10
      12       9       7      12       5       6       7      10      12      12
      13       6       7      12       9      10       6      12      12       6
       5      10       9       9      13      10      10       9      15      12
      10       6       9      21       7       4      17       6      15       7
       7      10       7       6      12       4      10       6       9      12
       9       1       6      10       5       6       4      13      10      16
       7       6      10      10      10       5      10       5      10      10
       5       6       5      12      13      10      10       4      12      12
      10       7      16       6       9       7      10       6      10       6
       7      10       7       7       2      10      10       7      10      10
       7       7      10      12      16      12      10      13      12       4
       9       9      12       9       6       7      12      10       9      12
      13       9      12      13      13       9      17      10       9      12
      10       7      10       9      10      10      10       4      13      10
      12      15      20       6      15       9      13       5      12      12
      10      10      10      10      16       9      16      10      12      12
      16      15       7       5      17       9      17      21      17      16
      13      16      12      12      15      15      12      12      25      12
      21      13      13      16      22      21      16      19      16       9
      15      13      13      10      13      10      13      23      20      23
      26      27      38      33      46      37      43      43      50      43
      72      79     125     134     416     605    1764    2199    1672    1332
     396     285     316     428    1004    1102     784     519     171     134
      82      54      49      47      46      26      24      28      16      24
      25      21      24      16      21      23      15      23      24      10
      21      15      16      16      16      16      13      12      10      10
      13      21      13      12      10      12      12      15      12      12
       9       7      10      13      12      10      19      15      12      10
      15      16      10      10       6      16      15      13      12      12
      15      12      12      12      16      12      12       5       7      12
       5       6      10       6       7      16       4      15      10      12
      10      12      10      13      16      16      10      10      12      15
       7       9      12       9      17      10      12      10      10      13
       5      12       7      13       9       7      13      12      10      10
       9      13      10       9       9      15       6      10      10      13
       9      15      12      10      16      13      12      10      12       7
       9      16      10       9      10      12      13      10       9      12
      15      12      10      13       9       9      12       6      12      17
      12       9      10      10      10      16      16      10      15       5
      12       9      12      12      10      16      12      10       6      16
      12      10      10      16      20      12       6      15      12      13
      12      12      10      17      12      10      13       6       9      12
      16       7      12      12      10      10      10      10      13      10
      19      10       4      13      27      15      21      17      25      15
      16      13      12      16      15      16      19      16      17      17
      13      23      16       9      13      25      16      23      16      15
      21      30      15      25      25      24      16      12      16      19
      16      23      21      26      17      15      29      22      17      25
      34      30      25      23      23      30      26      38      49      46
      51      70      84      67      94      70      73      65      86      88
     100     153     204     302     497     852    1747    3136    4277    3733
    2209    1095     655     492     576     858    1560    2025    1789    1043
     552     306     190     156     116      98      57      53      56      59
      46      50      42      47      16      29      29      27      32      26
      27      28      26      28      31      32      32      23      22      20
      23      21      22      17      22      25      22      17      16      25
      24      25      26      19      21      28      36      27      17      24
      25      17      25      25      30      25      27      26      21      13
      30      30      23      29      34      42      54      56      53      64
      62      65      57      56      75      92     110     127     179     309
     610    1122    2190    2851    2520    1451     739     372     309     353
     556     876    1317    1324     961     515     262     166     100      68
      68      60      51      50      50      30      25      27      37      24
      31      26      28      27      24      17      26      26      24      20
      22      15      19      20      12      13      19      15      10      22
      19      16      12      13      16      19      12      23      13      16
      16      16      15      16      10      16      13      12      16      12
      15      16      13      15      12      10      10      10      12      15
      13      15      12      12       5      15      17      24      12       6
      10      12      20      12      17      10       7       4       9       5
      12      19      12      16      21       4       7      16      17      17
      16       9       6       4      20      15       7      17      10       9
      13      12      12      15      13      16      12      12      10      10
      10      12       9      10      17      13      10      10      12       6
      10       7      10      12       6      13      15      16      15       5
      16      10       7       7      10      10      12       7      15      12
      20      13      10      10      10       6      10      12      10      12
       9      12      15      12      16      15      12      16      20      12
      13      16       5       9       6      19      19       7      12      10
      12      16      21      13      12      15      15      16      20      10
       7      10       5      15      12      10      15       6       6       4
       9       9      10       7      10      12       6      13      16       4
       9      16      13       5       9      10      10      15      10      13
      12      16      10      12       6       5      15      20      10      16
      16       7      12      16       6      10       9      13      12      10
      12      20      12      10      12       9      12      16      15      10
      19      10       7      12      13      10      12       9      12       7
      12      13      13      19      10       9      17      21      13       9
      23      15      10      22      12      16       9      21      15      15
      12      21      12      16      16      15      13      24      22      16
      15      12       7      16      17      16      10      12      16      12
      22      15      17      19      16      16      16      15      19      16
      15      16      27      17      17      17      27      21      20      15
      12      16       9      24      16      22      16      20      20      27
      26      17      16      21      23      24      12      24      24      24
      23      30      44      32      36      47      44      51      64      56
      67      53      70      59      62      67      65      92      92     134
     161     222     331     561     948    1747    2937    3552    2992    1823
     985     635     412     327     372     547     906    1421    1730    1505
     973     538     299     184     116     114      90      79      60      49
      39      37      43      32      38      33      22      23      29      21
      26      25      24      29      24      25      16      16      22      10
      16      32      17      25      19      16      22      20       9      21
      13      21      19      20      20      12      16       7      25      16
      16      12      12      19      13      16      10      10      17      16
      13      10       7       7      17      10      12      12      10       9
      12      13      15      12      10      17      23      17      10       7
      12      12      15       9       5      12      13      10       2      16
      17      10      15      12      10      17      16      12       9      13
      12      10      10      13      16      10      10      12      10      10
      12      16      10      13      10      12      10      12      15      10
      17      12      13      12      13       9      12      16      16      12
      17      10      12       7      10      17      12      12      10       6
      12      17      12      12      12      10      15       9      12      16
       9      13      19      10      12      15      20      15      10      17
      16      10      13      16       9      13       7       5      10      23
      17      10      15      13      12      12      10      12      13      12
      13      12      13       7      16      19      13      16      12       7
      12      16      15      19      22      15      12      19      12      16
      15      10      20      10      13      15      13      12      20      20
      16      21      23      12      15      15      12      16      13      19
      16      12      10      12      21      17      20      17      16      19
      23      21      13      28      28      27      20      27      32      30
      23      28      47      47      56      50      50      53      40      49
      46      59      44      65      65      75      84      90     125     158
     225     342     556     942    1823    2872    3294    2500    1436     858
     501     302     289     249     309     416     707    1122    1536    1398
    1036     605     361     225     129     100     100      60      59      62
      62      42      42      39      25      29      24      30      22      31
      20      27      12      19      26      29      25      20      22      23
      16       9      17      27      29      21      16      20      16      20
      19      15      16      10      16      15      12      16      12      17
       9      19      22      15       9      10      12      20      21      21
      12      16      10      15      10      19      16      16      12      10
      12      17      10      12      10      16       5      15       6      12
      16      20      16      10      13      10      12      12      15       6
      12      10      10      10      10      16       7      13      17      13
      10      13      12      12      10      13      10       7      10      10
      10      12      12       9      13       7      10      13       9      12
       5      10       9      13      10      12      15      12      10      10
      13      16      15      15       7      13      15      10      10       9
      10      16       7      16      12      10       6       6      10       7
      16       4       9      10      15       6      10      13       5      10
      12      10      16      12      10      15       9      12       9      12
      12      10      12       9      10       7      13      12       9       4
      12      12      10       7       7      10       9       9       4       6
      16       6      10      12      13      13      15      13      13      12
       6      10      15      12       7      20      10      16      12      12
      16      13      16       7      17      16      12      12       6      12
       6       7      10       9       4       6      16      10       9       9
      10      12       4      16      10      13      12      10      10       9
      12       9      13       4       7      13      12       2       7      12
       4       4      12      15       6       6      15      16      12      15
      12       7      15      10       6       7       7      12       6       7
      15      19      10       6      12      10       5      10      10      10
       5      12      13      16      12      10      12      10      13      10
      13      10      12      10      15      16      16      15       5      16
       6      12      10      10       9      12      12      19      10       6
       7      13      12      16      17      19      13      10      17      17
       4       6       5      15      10      16      10       4      12      21
      13      19      16      16      16      12      24      15      12       5
      10       6       7      12      10       9       9       9      20      13
       6      10      15       9       9       9      13      16      10      19
      10      12      13      10      10      16       7      10      10      20
      10      16      12      13      22      10      10      19      12      21
      10      10      15      16      15      12      16      15      10      10
      12      10      16      12      13       7      16       9      10      15
      12       5      12      13      16       9      13      16      22      16
      12      12      16      15       4      10      12      12      15      12
      12      17      16      19      16      20      12      10      22      16
      24      20      31      16      16      17      28      29      25      22
      21      32      27      34      27      28      30      33      46      40
      54      59      56      88     112     161     249     408     640    1011
    1122    1062     789     515     292     187     151     132     106     102
     114     123     196     278     416     561     515     470     309     204
     141      96      67      56      39      33      40      31      36      28
      29      25      33      16      15      19      20      10      17      17
      24      20      17      15      20      15      12      12      12      24
      10      16      17      16      17      21      19      17      24      17
      17       6      12      13      20      16      17      17      23      15
      19      10      13      12       9      19       9      15      13      19
      13      21      12       7      16      15      15      16      12      13
      13      10      21      12      16      10      10      12       7      16
      15      12      15      12      23      16      16      13      22      19
      15      16      15      16      20      16      10      16      16      16
      10      13      10      10      15      21      15      20      17       7
      21      17      16      13      12      12      16      15      16      16
      24      16      12      16      22      20      16       7      13      16
      21      21      12      16      23      17      20      16      16      15
      12      19      12      17      21      15      16      22      19      16
      12      20      17      15      17      20      17      16      16      16
      13      28      13      22      16      16      21      20      20       7
      16      12      16      16      20      16      21      13      33      20
      12      22      24      13      29      16      20      23      19      16
      21      16      15      17      16      20      20      17      17      13
      23      20      21      25      26      24      19      24      26      25
      32      16      16      19      20      22      16      20      24      12
      23      23      28      27      34      26      42      19      27      29
      28      25      29      26      25      29      29      24      27      36
      30      32      42      39      38      44      33      44      59      56
      42      53      47      53      39      46      50      46      60      53
      53      65      72      77      94      96      92     129     127     156
     193     213     338     441     630     912    1497    2440    3249    3445
    2894    1989    1310     912     635     453     349     299     262     256
     285     345     453     585     870    1232    1544    1560    1246     961
     595     462     309     216     156     161     121      86      98      88
      68      67      56      53      59      53      40      46      38      38
      31      33      31      44      46      38      22      37      36      22
      34      36      49      25      20      34      30      30      36      33
      21      32      26      33      31      33      34      32      32      38
      44      36      43      43      33      38      27      47      22      28
      32      32      38      46      50      47      51      53      59      72
      67      86      77     106     112     144     219     282     404     610
     973    1310    1584    1466    1069     718     497     334     302     184
     179     127     123     134     125     158     184     252     384     538
     670     723     686     488     376     246     176     132     108      82
      59      56      62      36      50      38      44      32      29      34
      29      33      21      27      28      30      20      29      19      25
      20      20      27      13      24      27      20      28      23      22
      20      20      19      30      17      17      32      29      16      22
      24      19      12      21      29      16      19      17      22      13
      19      22      15      19      12      16      12      20      24      21
      21      17      20      28      12      16      21      16      13      20
      15      15      21      21      23      13      19      29      17      21
      12      24      19      13      10      23      10      10      26      16
      15      21      20      12      12      16      21      17      28      16
      10      17      15      21      12      19      16      12      17      20
      12      17      16      12      10      16      16      19      15      12
      15      21      10      16      21      16      19      15      16      24
      15      16      19      16      13      16      15      12      16      20
      20      13      19      15      16      19      21      22      16      17
      22      10      16      23      16      12      15      17      13      22
      16      16      20      17      22      16      21      19      22      12
      19      20      19      13      16      13      23      12      17      16
      12      10      12      20      12      22      21      12      15      22
      25      24      13      23      15      20      16      16      17      10
      13      16      12      13      13      10      24      15      13      15
      16      16      10      13      17      21      16      12      13      17
      21      23      17      16      16      21      22      17      19      19
      15      12      21      15      26      17      15      23      24      12
      25      17      10      13      16      20      21      15      12      21
      13      23      16      20      10      15      12      16      16      16
      22      16      19      15      17      12      19      15      13      24
      22      16      22      13      23      16      15      16      12      17
      12       9      23      22      19      17      19      19      17      28
      16      20      12      25      16      17      23      23      22      16
      16      15      22      17      22      22      21      12      22      21
      16      13      16      19      21      22      24      12      13      16
      17      20      20      19      26      20      25      16      16      22
      23      26      21      12      21      19      24      26      20      20
      26      24      17      22      22      27      23      20      20      25
      21      23      25      21      19      17      23      28      20      19
      22      22      13      29      25      30      27      24      32      36
      30      38      27      32      31      34      36      51      24      30
      38      27      30      38      33      34      37      16      39      39
      36      37      50      38      56      44      56      56      59      59
      59      65      96     118     121     110     158     176     252     338
     441     645    1004    1521    1944    2061    1857    1489    1017     750
     538     445     338     240     213     187     141     144     125     136
     158     151     174     219     324     457     660     772     918     918
     795     691     470     338     262     213     156     136     110      86
      90      70      50      42      56      43      53      43      39      33
      32      40      37      43      42      25      30      27      29      33
      22      19      21      27      30      22      25      27      23      24
      23      23      15      28      19      15      22      22      22      26
      24      26      23      28      24      16      13      16      24      27
      19      25      29      23      17      20      19      21      17      24
      21      30      15      16      23      22      21      17      19      16
      22      20      17      12      24      29      19      16      26      12
      21      24      24      19      24      20      15      16      20      16
      21      20      19      12      15      19      17      15      23      16
      16      20      17      16      19      17      15      16      12      17
      16      25      27      23      25      20      15      16      26      19
      26      17      28      10      13      20      10      23      13      21
      23      16      17      22      26      28      21      20      17      22
      15      15      17      25      28      16      12      15      16      25
      26      13      26      23      23      12      12      23      21      24
      27      16      24      22      15      27      20      12      13      27
      16      26      29      15      21      21      13      16      13      26
      20      20      13      21      28      13      25      20      10      16
      21      29      13      20      23      27      20      15      19      16
      21      16      25      25      16      23      16      17      20      16
      28      13      26      27      22      29      21      20      17      19
      15      21      12      13      17      31      23      16      19      16
      16      16      10      19      27      19      15      23      15      24
      12      12      17      17      19      25      27      16      20      16
      29      23      13      28      21      22      20      22      19      26
      20      23      24      27      13      22      29      19      27      26
      16      30      24      32      24      17      23      27      28      16
      19      22      25      31      23      24      28      24      24      28
      29      32      30      43      38      44      24      38      37      23
      38      38      32      29      38      37      28      32      27      19
      34      26      24      32      37      44      30      31      33      38
      29      47      34      38      47      46      46      53      65      59
      73      79      79      92     100     118     144     169     207     252
     272     349     392     547     761    1043    1253    1406    1428    1239
    1135     876     660     492     392     361     278     210     210     148
     174     125     141     116     125     129     127     134     129     139
     182     210     265     309     432     497     595     655     625     600
     497     453     349     285     246     174     129     121     108      88
      81      68      56      62      53      50      51      49      56      34
      42      39      31      32      29      28      24      29      24      38
      28      38      37      32      33      28      32      33      32      34
      38      28      31      32      24      26      34      30      28      27
      30      37      31      43      39      32      30      24      32      29
      38      21      33      37      37      34      34      32      25      32
      27      31      37      40      26      34      27      31      40      38
      31      33      37      43      43      32      38      47      34      50
      44      44      68      73      53      64      72      88     100     104
     125     158     151     213     243     289     400     515     691     888
    1075    1211    1225    1004     882     670     561     432     349     285
     246     184     176     121     132     106     118      96      81      77
      70      82     100      96     114     112     136     163     169     210
     265     327     408     524     566     529     561     441     338     268
     228     193     161     144     100      90     104      59      56      60
      70      38      54      29      47      37      47      32      38      40
      33
